0.6582198408013888
0.84680360509351
-1.5537096286005068
-0.6368436151005658
-0.42683771967327844
0.6170691192602847
0.9672549542275388
-1.0793088405240419
0.554082002742883
0.8490931626853556
-0.45376477799254644
-0.20513787454960888
1.707797837483714
-0.8490009434313857
1.3412363944175691
-0.07834804431809775
-1.9963239966510817
0.1738007459318486
1.4573319835407317
0.7965257144566832
-0.43248835669284225
0.894376218324
-0.1145065165213567
0.49382645023389343
0.4088976530403946
0.04760524308596319
0.6917700728807752
-0.9042996567349966
-1.19574412920405
-0.42041699886385364
0.9804340533913418
-0.3656146458826822
0.9217961141438813
1.3093248759409757
-0.9918861239968974
0.08269070007582338
1.048058841187618
0.37589709023475576
-1.2278495046713933
1.0237063752662874
0.3241189574383621
-1.2094739009369915
0.6037341939532096
-0.6268893862881812
0.124658463410772
-1.130841356927668
-0.8444241307538574
0.32539417899865875
-0.6171049711015443
1.7491937868559235
1.61990612386733
0.9602440138323226
-0.4717313534187742
-1.7084368945139596
0.08983726035425649
1.7932094493480402
0.0525663066842675
-0.19253935992938437
-0.530427529858449
-0.7518903543473007
0.32004466314993446
1.7062046218131606
0.41080291936424185
-0.5930085843065416
0.8953212188393044
0.4548767525186663
-0.8400936153918361
-1.3167860628440682
-1.2161206951137307
-0.8491640643329581
0.23588802392809755
-0.9931033892067712
-0.003767120201142838
-0.6873123445408379
0.23416606832326192
-0.9823108431590849
-0.006104247571162422
0.3489628958721117
-0.8001102928288909
0.17856119872961856
0.9030018539033974
-0.4450611287963692
2.409595609686511
-1.0585718591129265
0.044784455107468826
0.4105995851464816
0.5405155997488446
-1.7952059327707728
0.9515302053105483
2.376756961068345
-1.0474058845852399
0.8489070467725122
-0.9167514229147236
1.8343344928727607
0.6630791560834305
-0.015773877553839907
-0.1381891623138774
0.5909751656514192
-2.452973847356757
-1.1933643144800132
