-0.8046957209297605
1.468215123153796
1.0594077830704405
0.2712433526772342
1.1857978840292545
2.787498636400031
2.2310863260076
1.237895417756878
0.3732030499605341
2.5439219780745574
1.942156168380178
2.1452983541112607
2.0448708362502854
1.5981647651089035
2.5395509352574197
1.6490606521273725
0.36678782036081503
2.196782293696422
2.3267519976182554
-0.19788428268655056
-1.1812855216461577
2.017139408558992
0.4593655156645212
0.688485293491775
1.9097788143477006
1.6523719410985325
0.44465510723696977
0.029773662821304336
1.1307360307943894
1.7549352184778975
0.9777312872982975
1.4976819105331325
3.1072485779847625
1.6881627759734914
1.6380492006317249
0.3136992478524815
1.63095990891911
0.7784455350292893
1.3008225120199794
2.1041588602440293
1.8217975253172853
1.431628544052955
0.9343279652134349
0.8101199900307966
0.47695291461362677
1.8384500890294424
0.21330265009192972
1.4847743249067962
0.6912042085446848
2.170915086511762
1.5161810418104507
-0.4098410442639975
2.5977246306562725
1.3876491423615414
0.9208088865787928
2.4675415616027356
1.3582488113250029
-0.12492962609348623
-0.2977361612670939
2.0492896873352895
2.8202122646407393
-0.044839231284204084
1.765979862478434
-0.5158344061423563
2.0001113863102873
-0.25710186738070107
2.7635090005662537
3.083023293594903
0.1774575231686566
1.7635018447391144
0.6020106000017262
-0.8931645958424845
-1.4986856802526085
-1.0211538904562714
2.1981515578522006
-1.1709831428869877
1.2893165398666562
0.6729393878611465
2.4624921818648127
2.196111422989789
0.8734786289314843
1.9497086097613616
-0.6206327655177464
3.012347815540758
3.1922625380732117
0.9837054616295742
0.30680909468226303
2.455056466206427
1.0539774642083355
1.7244509236452674
0.7586928059201652
1.887196557338005
1.4202806610299583
-1.2912416150005028
1.8269285291140707
0.9451625076074706
1.869994950134121
-1.1605647998983923
2.7652957998963528
2.2845322271011668
