1.1514198638720368
0.586700620580902
-0.2522961165325843
0.3015625412533033
0.30229010141500817
0.04126083620000137
0.25604256804276987
-0.43893156041208425
2.265659741326627
0.5808681731978919
-0.05217187349433072
-0.4329126186362853
-0.5795685789621203
0.39994009983486034
1.0085440976584132
0.25468105198759816
1.2877191657866884
-0.0006504534097994119
0.4091755538445381
1.1087571599935928
0.7199051378283045
0.034724493207210716
-1.5660006278640934
0.6594661103867987
-0.459702180250552
-0.33733024828307345
-0.8103452280660126
0.6324613913535272
-0.7959082438492868
-1.0627487983828054
0.5027525908838446
-1.5252373409226632
0.12421203727191071
1.247675089419264
0.05713858244701392
-1.2932648001554636
0.20804449540623138
0.3566774472491968
1.6190979320894077
2.2950849792567594
-0.22003662327914597
1.2103892532020566
-0.8056344140112321
1.2521656808240347
0.8073589458594015
2.4476293994508618
-0.18238048681962893
0.8763330579924293
0.5076258195592251
-0.12969663682120125
-0.44838726773992976
0.32546689337703927
3.03934739538391
-1.3742165583233974
0.5540597066969264
0.13787579202300726
0.8356193883081275
3.256932745648771
1.6944782472164095
-0.36769270753473393
1.374411125066681
0.9700884358164055
1.6512777077720555
-1.432222921161132
-0.6962476050146913
2.7459297385124364
-0.2267415971299247
0.26459472915455295
1.1963124613265843
0.5998678265229104
1.322622466973184
0.2714923568291233
-0.2637196353405443
0.46000133707625046
0.8489278518091714
1.7797262625116517
0.08373100201882405
1.7721065872652755
0.7363895151768529
2.3901984899785242
0.808763197366624
0.17106424958462252
0.31439226697788314
1.2431713681998686
0.7759977412593957
-1.037435096645018
2.8145749805820492
4.283187188895425
0.8685191194298572
0.4211508132575177
0.13129846956872976
-0.5676579061206113
1.9333014356137666
-0.6464064895600394
3.1226981396804745
0.1519528427793766
0.16191488620552363
0.786553445982022
2.1900520191682786
1.2315528715791233
