-2.9999371146917717
-2.443092473483775
-1.32138339757416
-0.9893022595529986
0.2697327247203778
-0.8536207804702203
-0.026211488766855195
-2.9379040658242626
0.6192513419482133
-2.2469550646530934
-0.4497077691038813
-2.046300159549003
-0.7343206872077681
0.29062745425938363
-0.8020777349722145
-0.4793236312160316
-1.757183348858348
-0.8011726225642359
-2.9328648284427388
-2.1524158690388693
-2.424621784460846
-1.1503120006991419
-1.6118412898879457
-0.48752810891080334
-3.3291047039704673
-1.435632029634461
-1.2769897939806416
-1.0618737495781017
-1.4240347073848838
-0.7922110884635853
-1.3668221864386827
-0.11990303858958673
-1.8072923747075005
0.07103914725547744
-1.584957288056207
-1.4937195099422893
-0.124564082884277
-1.491690530043312
-3.3058869610615877
0.9962061485890032
-1.7408829548626668
-0.8575805109642791
0.6519956307553996
-0.0054792682838666895
0.48795627149525833
-2.662637880257169
-1.7924072492617271
-2.6204842646965574
-2.041297166955089
-0.8739108033389702
-0.28520346622694004
0.5933153809213589
-2.159238066209299
0.8075604490680193
-0.7402627972713851
-1.2102765409565472
-0.6470580121166838
-0.9324870839580723
-1.0411902488134466
1.2004384558714625
-1.614792501764243
-1.0023353451867179
-1.9256088717495576
0.5602898528330333
0.29463860307714773
-0.6503173342953819
-0.004642694457278607
-1.7653494178372953
-0.9979982971644158
-0.4246814533312345
-0.8838078608031685
-1.132108018970072
-1.5874198076066786
-2.026205638804538
-0.37897525952708466
-1.6312388295760882
-2.1650311548287346
0.14697942706822098
-0.8067550012951596
-0.8717854624873467
-2.033955688676232
-0.735335846232336
-3.5322888698707464
1.2903036400834123
-0.6382290567031097
-0.262812367358928
-1.3067756821319754
-2.1693445483644185
-1.9569784004845934
-0.8441859604962441
-2.195853645347475
-1.7444508984024165
-2.4157649158031287
-1.2068824977133503
-2.3556925716380452
-0.5151646136199475
-0.08468113582638226
0.25812021550865594
-1.5829022172188716
-1.1886717333719392
