-0.2409031389792462
1.3721243569598052
0.7666198521980847
-0.40079353134822104
-1.4077122677666205
-0.7596380029665786
1.3911284420261403
-0.17772285191383225
-0.9300702238818722
-0.006621358094575702
-0.6449632327872292
-1.7874854822590294
-1.3858802180282979
-0.25340608156416655
0.30576575040516507
-0.6047642576838049
-1.2972400481134052
-1.3537965603239774
0.43990700512362124
-1.7957641627591723
-1.487527233214177
-1.7908872884858344
-1.1997515331738398
1.4501389303618348
0.5166283094521189
0.4933515668961411
-0.2503412164756512
-0.17777660880424023
0.06973780939078111
0.43797281406449595
0.6972754366021281
1.2949253214278778
-1.875773514342391
0.24423665827481122
-0.9169163923530368
-2.2301270468841787
-0.8077372606495861
-1.8775509350751831
-1.576675463027087
0.7569608860773749
-1.5081341974854765
-0.9500178323652826
-0.04980278533680904
0.7276983227428862
-0.9547503863067539
-1.8498004243555586
-1.5779852438118147
-0.5580687862433645
0.4288178979713474
-0.5438746040425826
0.41138857180664556
0.9414197278752077
-1.4358933881693539
0.0011370572270144041
-0.5687968164162032
-0.8396164457872275
0.5729388417988726
-0.7945494098345669
-1.3630242232194218
-0.8855462245710728
1.0535199276499139
-0.6028829536040876
0.18271766159622516
-0.4277474751969116
-0.08739928890018522
-0.2032264354485997
-0.056608613401607055
-0.17869085863029005
-0.46564303272260343
-0.8563814345299507
-0.33153803215478306
-2.3173946630533018
-1.6630823180863767
1.1697611242401003
-0.7692695203372346
-0.18255120733893804
-1.838221887289457
0.8558380536928594
-0.30630058197907994
-0.6127909120660349
-1.8778830591870768
-0.043780547866980934
-0.09202121492396642
-1.3153213669237132
-0.43075860359964
0.9233950057616085
-0.6786088415849844
1.045123356766679
-2.198657384464917
-0.9203814633828811
-0.1661707431058677
-1.4789149288451675
-0.5366039231837748
-1.6424738166578228
-0.11532433761896144
-0.3112226058103328
-0.30672776686353764
-1.4934345543791316
-0.26302955586066606
-0.615179687334746
