-----False Positives Indices-----
149
2479
4094
4838
4978
6380
7598
8294
9103
9632
13206
13532
14332
14855
15232
15460
16139
16392
18251
18661
18913
20256
21155
21395
23140
23860
24382
25099
25350
26595
27032
27241
28363
28905
29134
29700
29928
30157
30765
31003
33162
33351
33639
34341
34861
35366
37020
37184
37328
37814
38854
39146
40597
41022
41245
41510
43455
43921
44320
44909
45394
47933
48907
49692
50312
50627
51240
51483
53441
53836
54394
54646
54874
55669
56033
56939
58560
63816
64677
67996
68556
69167
69641
70161
71056
72719
72957
73702
74034
74462
76958
77938
78939
79170
82150
85566
85822
86210
87341
88195
88571
88715
91033
92571
94863
95824
98199
98710
99323
99887
100404
101054
101308
101735
102652
104103
104326
105259
105468
108161
109167
109449
109816
110313
111873
113510
114059
115112
116047
116688
117296
117464
118719
119261
120409
120907
122832
124493
125134
125401
129742
132799
133780
135344
135859
136079
137415
141426
142424
142873
145559
146433
147263
149453
149908
150397
151335
151773
153130
153563
154942
155616
157867
158060
159933
160596
161716
162357
162797
163780
166965
167413
168509
168979
170570
172994
173355
174311
175159
175533
175756
177213
178124
178790
179859
180603
181161
183232
183878
184018
186023
186365
187310
196123
199023
200746
202449
207075
208510
209022
210127
210568
212189
212640
213793
215807
216231
217859
218312
221326
222596
224355
229800
230251
230696
232843
233689
234987
235382
236380
238651
239096
240804
245867
246658
247926
248700
250376
251206
251636
252918
256315
256746
257188
260018
261271
262522
266259
268787
270913
271747
271941
272378
273203
274241
274678
276860
277527
278421
279681
279876
282859
284802
285237
288239
288672
289937
290998
293644
296145
297397
298641
299954
302029
304473
306977
307389
308245
308663
309440
309881
310698
311119
311904
313591
316857
317710
320612
321494
323098
326037
330955
331382
335146
337654
338565
339034
341131
341945
344897
346575
348250
348664
349551
358087
358733
359951
361591
361968
363037
364611
364980
365747
369862
371935
373170
374654
375528
376323
377575
378007
379702
386328
386705
386743
386981
389845
391835
392162
392528
395476
395726
395807
395840
395888
395927
395987
396021
396051
396083
396128
397938
397965
398594
399024
400260
400453
401675
402039
402760
402870
403267
403705
403735
404160
404630
405121
405872
406051
406083
406597
407281
407313
407723
407942
407981
408052
408350
408385
408433
408463
408769
408873
409216
409244
409680
410107
410521
410935
411360
411389
411803
412282
412365
412393
412548
413287
413315
413785
413899
414422
414843
415241
415753
416106
416548
417005
417111
418027
418528
418894
419059
419095
419533
419566
419987
420799
420836
421243
421683
421712
422054
422482
422954
423286
423729
424208
424498
426112
426510
426601
426999
427168
428554
428911
429363
429545
430000
430439
430810
430910
431272
431725
432149
432520
432552
432956
433403
433431
433585
433624
434060
434927
435311
435757
436176
436600
436987
437183
437215
437332
437725
438552
438989
439286
440188
440524
440943
441419
441804
441975
442009
442435
442466
442867
443322
443360
443713
444143
444626
444713
445207
445631
445662
446072
446107
446561
446668
447187
447613
448026
448056
448517
448891
448919
449312
449762
450163
450588
450622
450774
451690
451865
452366
452826
453242
453658
454094
454508
454539
454709
455215
456462
456498
456922
457350
457710
457788
458137
458165
458340
458367
458818
459254
459284
459677
460115
460442
460893
461348
461728
461760
462397
462812
463259
463719
464079
464728
464759
465157
465613
466402
467259
467663
468523
468865
469764
470092
470529
471341
471752
472258
472631
473044
473490
473875
474305
474770
475102
475549
476008
476377
476832
477275
477594
478032
478514
478826
478858
479273
479716
480067
480099
481017
481380
482246
482637
483077
483543
483873
484298
484766
485149
485584
486020
486355
486386
486780
487286
487628
488471
488498
488526
488865
488892
489316
489353
489777
490122
490556
491011
491370
491398
491802
492275
492594
493035
493519
493965
494384
495236
495675
496134
496555
496956
497379
497801
498273
498676
499105
499521
499945
500384
500411
500827
501266
501687
502129
502565
502982
503806
503840
504255
504699
505129
505952
506381
506823
507249
507726
508468
508897
508925
509322
509757
510235
510578
510605
511022
511050
511463
512678
513112
514721
514749
515167
515197
515596
516847
517274
517303
517708
517741
519379
520195
520223
521013
521445
522015
522103
523027
523213
523242
523721
524158
524301
524328
525220
525753
526070
526246
526762
526793
526981
527008
527470
527501
528225
528403
528431
528528
528917
528953
529146
529615
530372
530553
531085
531270
531769
531800
531980
532535
533232
533904
534103
534139
534645
534673
534855
535551
536035
536794
536971
537503
537532
537698
537726
537831
538407
538964
539663
539697
539830
540353
540577
541122
541292
542061
542092
542601
542805
543386
544079
544253
544794
544821
544991
545019
545570
545773
546260
546289
546961
546989
547172
547297
547324
547891
548039
549349
549924
550631
550798
550828
551381
552124
552277
552823
553238
553656
553692
554137
554804
554832
555508
555536
555712
556254
556952
557114
557153
558492
558523
558661
559017
559161
559196
559836
560369
561111
561286
561988
562026
562164
562598
563057
563231
563748
563779
563939
564487
565218
565246
565308
565412
565925
566662
566843
567368
567395
568074
568771
568967
569091
569490
570174
570334
570472
572026
572213
572738
573464
573561
573591
573669
574161
574650
575041
575211
576202
576600
577754
578358
578662
578822
579296
579656
579837
580062
580839
581039
582373
582402
583024
583219
583253
583426
583613
585354
585386
585561
585976
587180
587348
587732
587990
588196
588493
588669
589159
589509
589675
590470
590655
590950
591110
591320
591822
592031
592617
593087
593843
594247
594281
594753
595250
595698
595730
596229
596745
597681
598143
599115
599812
600242
601405
601583
601611
602051
602447
602612
603365
603609
603775
604054
604191
605376
605856
606091
606295
606532
607973
608751
609034
609247
609831
610100
610231
610259
610695
611831
612090
612845
612872
613082
613798
613938
614398
614426
614607
615490
615649
615677
616632
616818
617142
617322
617350
617823
618266
618693
619120
619351
619534
620431
621063
621092
621567
622294
622512
622723
623120
623589
624010
624244
624488
625591
626254
626282
626707
627557
627992
628208
628597
628808
629460
630140
630614
631051
631086
632441
632472
632972
633164
633402
634903
635328
636044
637186
637355
637958
637988
638196
638388
638808
638835
639526
640679
640865
640902
641238
641714
642155
642187
644257
644284
644855
645475
645710
646362
646392
646913
646945
647631
647661
648084
648112
648779
649461
-----False Negatives Indices-----
136226
138552
140913
154408
159364
160024
160693
161905
165235
166407
171815
172235
172769
185068
188387
191455
192138
192789
193490
194173
194810
195503
196227
198452
199610
207663
218912
223189
230877
237968
240714
266038
292545
328999
353743
357861
365180
374177
375711
388776
391637
392041
393128
395181
396256
396465
396657
396840
397228
397302
397651
397821
398276
398894
400593
401501
401890
402356
403077
403582
404033
404477
404944
405438
405626
406176
406381
406910
408677
409085
409554
410002
410424
410832
411249
411699
412129
412698
413184
413617
413997
414228
415145
415563
415953
416851
417433
417934
418752
419208
419396
419870
420307
420680
421548
421903
422376
422822
423171
424032
424654
426815
427509
428397
428761
429248
429686
429869
430324
431126
432365
432858
433294
433737
433928
434791
435151
435648
436484
436829
437516
438865
439456
440003
440416
440853
441259
441643
442124
442309
442772
443190
443545
444035
444465
444841
445050
445526
445968
446410
447007
447509
447923
448732
449222
449625
449984
450485
451119
452001
452194
452707
453152
453468
453982
454413
454842
455047
456272
456801
458008
458470
458666
459140
459587
459996
460334
460781
461232
461555
462069
462156
462721
463131
463578
463943
464405
464575
465065
465497
465932
466292
467152
467477
468405
468740
469600
469974
470428
471157
471660
472092
472470
472950
473705
474195
474627
475002
475438
476225
477136
477496
477922
478354
478729
479167
479595
479922
480826
481219
482103
482456
482976
483403
483771
484198
484620
484974
485887
486238
486689
487118
487494
488709
489202
490001
490461
490878
491225
491706
492124
492495
492708
492921
493374
493856
494285
495133
495555
496016
497264
497709
498141
498584
499826
500283
500724
501572
502006
502449
502887
503708
504144
504594
506255
506695
507555
508376
508790
509229
510061
510454
510914
512581
512999
514629
515061
515500
516740
517166
517613
519268
520105
520916
521333
521767
522424
522927
523354
523554
524641
525129
525533
525969
526408
526587
527103
527310
527806
527903
528739
529258
529460
529955
530053
530695
530879
531413
531611
532105
532320
532855
532956
533554
533729
534242
534443
535176
535690
535879
536375
536473
537134
537313
538025
538538
538728
539283
539386
540001
540174
540692
540903
542230
542396
542921
543144
543693
543793
544401
544575
545132
545324
545889
546098
546601
546687
547485
548230
548833
549478
549690
550263
551140
551699
551796
551907
552618
553145
553558
554613
555139
556029
556577
557457
558830
559499
559989
560175
560709
560815
561609
562311
562460
562923
563378
563573
564081
564262
564805
564913
565565
565732
566244
566349
567165
567708
567803
568396
568486
569289
569829
569921
570586
570815
571016
571684
571923
572348
572543
573050
573143
573801
573990
575857
577079
578253
578964
580944
582100
582529
583736
585694
585869
587827
588295
588798
589283
589814
591425
591919
593238
593947
594847
595351
595853
596851
598240
599665
600371
601709
602915
603911
604530
605478
605974
606196
606428
607560
608070
609339
610565
610811
613578
614517
615257
615798
616965
617443
618146
619015
619221
619444
621401
622408
622849
623679
624146
624350
625718
626587
627023
627708
627880
628701
629130
630291
632776
633285
635666
638103
638710
638929
641018
641821
642306
643236
643411
644594
645177
646051
646519
646690
647249
647321
647965
648419
648594
649104
649181
649800
